   h    k    l      d (Å)      F(real)      F(imag)          |F|         2θ          I    M ID(λ) Phase
   1    0    0   2.706329   -13.963898    -0.254784      13.9662   33.07320  100.00000    6     1     1
   0    0   -2   2.500000     9.927229    18.005013      20.5604   35.89177   30.22161    1     1     1
   0    0    2   2.500000    10.867344   -17.852691      20.9002   35.89177   31.22874    1     1     1
   1    0    1   2.380053   -10.041469    -4.194825      10.8824   37.76722   45.41557    6     1     1
   1    0   -1   2.380053    10.581906    -3.645136      11.1921   37.76722   48.03712    6     1     1
   1    0    2   1.836383    -4.222512     7.732009      8.80986   49.60150   16.14027    6     1     1
   1    0   -2   1.836383    -3.768228    -7.805615      8.66759   49.60150   15.62320    6     1     1
   2   -1    0   1.562500    19.678682     0.475943      19.6844   59.07456   54.18274    6     1     1
   1    0   -3   1.419142     8.850636    11.494959      14.5075   65.74758   23.25209    6     1     1
   1    0    3   1.419142    -9.362680    10.898376      14.3678   65.74758   22.80648    6     1     1
   2    0    0   1.353165    -8.669212    -0.229986      8.67226   69.39665    7.42053    6     1     1
   2   -1    2   1.324997     5.987661   -12.410002       13.779   71.09208   17.84502    6     1     1
   2   -1   -2   1.324997     5.139049    12.547499      13.5591   71.09208   17.28007    6     1     1
   2    0    1   1.306176     6.992204     4.357503      8.23886   72.27626    6.17673    6     1     1
   2    0   -1   1.306176    -7.480039     3.861317      8.41788   72.27626    6.44808    6     1     1
   0    0   -4   1.250000    -7.643542     1.699006      7.83009   76.08374    0.84540    1     1     1
   0    0    4   1.250000    -7.497040    -2.461567      7.89081   76.08374    0.85857    1     1     1
   2    0    2   1.190027    -2.636864     5.605755      6.19496   80.67571    2.88454    6     1     1
   2    0   -2   1.190027    -2.226796    -5.672196      6.09364   80.67571    2.79096    6     1     1
   1    0   -4   1.134802     3.516808    -0.757230      3.59741   85.49894    0.90016    6     1     1
   1    0    4   1.134802     3.446015     1.125716      3.62522   85.49894    0.91414    6     1     1
   2    0    3   1.050519     6.977047    -7.728651      10.4121   94.31963    6.97563    6     1     1
   2    0   -3   1.050519    -6.514841    -8.267168      10.5256   94.31963    7.12864    6     1     1
   3   -1    0   1.022896    -6.316001    -0.207601      6.31941   97.71129    5.09709   12     1     1
   3   -1   -1   1.002140     5.610540    -3.003581      6.36393  100.46588    5.17854   12     1     1
   3   -1    1   1.002140    -5.170187    -3.451473      6.21639  100.46588    4.94120   12     1     1
   2   -1   -4   0.976086    -5.846001     1.210259      5.96996  104.21577    2.31091    6     1     1
   2   -1    4   0.976086    -5.713758    -1.898598      6.02094  104.21577    2.35054    6     1     1
   3   -1   -2   0.946716    -1.610948    -4.258860      4.55336  108.90836    2.78474   12     1     1
   3   -1    2   0.946716    -1.981103     4.198886      4.64278  108.90836    2.89519   12     1     1
   1    0   -5   0.938013    -4.178896     8.385083      9.36871  110.41022    5.98391    6     1     1
   1    0    5   0.938013     3.591201     8.728161      9.43809  110.41022    6.07286    6     1     1
   2    0    4   0.918191     2.588333     0.875016      2.73224  114.05417    0.53160    6     1     1
   2    0   -4   0.918191     2.652236    -0.542395      2.70713  114.05417    0.52188    6     1     1
   3    0    0   0.902110    10.541597     0.387803      10.5487  117.27316    8.29908    6     1     1
   3    0   -1   0.887776     0.000000     0.000000   5.0307e-17  120.37795    0.00000    6     1     1
   3    0    1   0.887776     0.000000     0.000000  1.60606e-15  120.37795    0.00000    6     1     1
   3   -1    3   0.871798    -5.321233     5.881032      7.93108  124.15255   10.58553   12     1     1
   3   -1   -3   0.871798     4.904014     6.367134      8.03677  124.15255   10.86955   12     1     1
